-938
-1000
-1000
-998
-998
-998
-1000
-988
-1000
-1000
-980
-998
-998
-998
-1000
-1000
-1000
-1000
-960
-1000
-998
-901
-1000
-991
-998
-965
-1000
-1000
-1000
-965
-1000
-998
-1000
-1000
-1000
-1000
-954
-1000
-1000
-960
-998
-965
-1000
-1000
-991
-1000
-1000
-975
-975
-1000
-1000
-1000
-998
-991
-998
-998
-1000
-1000
-1000
-998
-1000
-965
-975
-836
-1000
-998
-998
-975
-1000
-998
-901
-1000
-998
-1000
-996
-1000
-975
-907
-1000
-991
-991
-998
-1000
-991
-998
-1000
-991
-1000
-1000
-1000
-998
-1000
-984
-1000
-895
-1000
-1000
-1000
-960
-1000
-1000
-1000
-1000
-1000
-1000
-836
-1000
-1000
-954
-998
-984
-1000
-1000
-1000
-998
-907
-1000
-1000
-996
-1000
-998
-1000
-991
-998
-991
-1000
-998
-998
-1000
-988
-998
-1000
-998
-997
-998
-1000
-998
-998
-991
-1000
-998
-1000
-991
-1000
-998
-1000
-1000
-1000
-1000
-1000
-1000
-1000
-1000
-1000
-1000
-1000
-1000
-984
-998
-907
-1000
-1000
-1000
-998
-1000
-1000
-1000
-996
-998
-991
-836
-1000
-998
-1000
-998
-980
-1000
-1000
-998
-960
-1000
-1000
-1000
-1000
-1000
-998
-991
-1000
-1000
-1000
-1000
-1000
-998
-938
-1000
-1000
-1000
-1000
-960
-998
-1000
-997
-980
-1000
-1000
-998
-1000
-998
-1000
-1000
-804
-991
-998
-998
-1000
-1000
-1000
-998
-1000
-998
-1000
-960
-1000
-1000
-1000
-1000
-998
-998
-998
-1000
-998
-998
-1000
-1000
-960
-1000
-1000
-998
-1000
-1000
-996
-1000
-998
-1000
-965
-1000
-991
-996
-1000
-996
-650
-927
-998
-1000
-1000
-1000
-1000
-980
-998
-1000
-991
-1000
-998
-899
-998
-1000
-1000
-1000
-1000
-1000
-998
-920
-1000
-1000
-1000
-998
-1000
-1000
-998
-998
-1000
-998
-954
-1000
-998
-998
-996
-767
-1000
-998
-1000
-1000
-965
-984
-767
-998
-991
-1000
-991
-1000
-1000
-998
-1000
-1000
-1000
-1000
-1000
-980
-1000
-1000
-1000
-1000
-998
-635
-996
-1000
-998
-938
-984
-1000
-991
-1000
-1000
-1000
-1000
-1000
-1000
-998
-998
-960
-988
-954
-998
-975
-998
-998
-1000
-998
-1000
-998
-965
-1000
-940
-998
-1000
-1000
-1000
-998
-1000
-1000
-945
-998
-998
-1000
-991
-1000
-998
-998
-1000
-998
-719
-996
-1000
-1000
-998
-975
-1000
-1000
-1000
-1000
-991
-991
-1000
-1000
-988
-997
-1000
-984
-998
-975
-997
-965
-998
-1000
-1000
-1000
-1000
-1000
-1000
-742
-1000
-1000
-991
-1000
-998
-1000
-996
-1000
-991
-998
-1000
-919
-1000
-998
-1000
-1000
-1000
-984
-1000
-998
-1000
-946
-984
-1000
-1000
-991
-998
-1000
-1000
-998
-1000
-965
-1000
-1000
-975
-1000
-1000
-1000
-1000
-1000
-980
-998
-1000
-940
-1000
-946
-1000
-1000
-1000
-1000
-1000
-996
-988
-996
-1000
-988
-1000
-1000
-1000
-998
-1000
-1000
-998
-1000
-1000
-940
-965
-786
-998
-1000
-984
-1000
-998
-1000
-1000
-1000
-1000
-998
-1000
-1000
-1000
-1000
-991
-1000
-975
-998
-1000
-975
-996
-1000
-998
-1000
-998
-998
-1000
-1000
-1000
-998
-1000
-1000
-1000
-1000
-1000
-852
-998
-975
-975
-998
-1000
-996
-1000
-998
-998
-1000
-1000
-932
-1000
-998
-1000
-998
-1000
-1000
-998
-998
-1000
-998
-998
-1000
-1000
-998
-1000
-1000
-998
-1000
-998
-1000
-998
-1000
-991
-1000
-998
-1000
-980
-1000
-1000
-1000
-1000
-1000
-991
-960
-1000
-975
-998
-975
-998
-1000
-1000
-1000
-1000
-998
-1000
-998
-998
-984
-1000
-1000
-1000
-998
-1000
-1000
-878
-991
-1000
-1000
-998
-1000
-997
-1000
-1000
-998
-1000
-997
-984
-991
-1000
-1000
-1000
-998
-998
-449
-1000
-1000
-1000
-1000
-1000
-980
-998
-1000
-1000
-1000
-1000
-998
-998
-1000
-996
-901
-1000
-1000
-1000
-1000
-1000
-998
-1000
-998
-1000
-997
-901
-998
-998
-742
-907
-991
-1000
-984
-965
-1000
-1000
-1000
-991
-988
-1000
-998
-997
-998
-1000
-991
-1000
-1000
-1000
-998
-998
-1000
-1000
-1000
-975
-1000
-1000
-1000
-1000
-1000
-998
-965
-998
-998
-1000
-1000
-1000
-998
-1000
-998
-919
-1000
-984
-1000
-901
-1000
-1000
-997
-1000
-998
-998
-991
-1000
-1000
-997
-960
-1000
-1000
-998
-996
-1000
-1000
-998
-997
-998
-998
-1000
-1000
-998
-998
-1000
-1000
-1000
-1000
-1000
-996
-1000
-845
-996
-991
-1000
-1000
-998
-991
-901
-946
-998
-998
-341
-1000
-998
-998
-1000
-998
-998
-1000
-909
-998
-1000
-998
-1000
-998
-1000
-998
-997
-998
-1000
487
-1000
-998
-984
-1000
-980
-991
-997
-1000
-998
-991
-938
-980
-998
-1000
-919
-756
-1000
-1000
-1000
-984
-998
-998
-1000
-1000
-991
-1000
-1000
-1000
-825
-996
-998
-998
-998
-1000
-1000
-998
-1000
-1000
-1000
-937
-1000
-998
-1000
-1000
-1000
-998
-998
-1000
-991
-1000
-1000
-991
-960
-1000
-980
-998
-998
-1000
-998