1000 777
-391 -685 -65 50 422 -891 -229 550 -735 14 455 205 -401 -105 -469 76 -22 50 -84 -265 402 -7 -489 -137 799 882 -899 268 158 627 -263 -304 -325 985 -419 139 -192 -171 71 635 218 -599 647 579 169 -94 -895 -697 854 -316 -105 -892 -415 -224 -965 687 761 -3 347 -371 -301 829 -183 -419 -537 473 -13 853 -586 -596 -145 -343 -674 35 171 702 -767 493 838 811 297 -202 762 437 485 -204 663 -631 -486 493 704 -30 737 -635 601 -547 602 777 898 -737 -938 -696 -307 222 -382 -301 -921 -282 -764 -738 -926 -702 -472 542 -287 -326 -431 486 48 -644 -58 -518 151 -4 264 19 -12 -47 -291 565 88 654 439 544 -909 140 -593 -290 992 142 703 -787 21 -262 -73 -836 -683 717 -389 446 462 -836 49 -602 908 916 487 -244 50 434 120 28 91 659 495 436 -323 345 -698 627 787 148 166 682 -500 946 615 -216 -503 509 -21 742 -927 -574 -166 447 552 -500 -687 481 -662 385 -75 -590 284 281 -628 669 -984 382 -312 -224 -662 -734 -921 -237 336 -895 109 94 -338 731 47 -545 489 -218 578 -719 763 -286 518 -920 576 -759 494 583 514 565 466 -440 955 992 -553 -103 -304 -128 978 -398 694 905 600 -384 -812 -97 91 -85 798 -315 168 648 -149 926 219 -954 386 71 -985 -703 -998 -445 -546 -940 -421 -692 -822 579 999 434 162 -432 -488 -471 101 -915 -455 933 -500 951 -412 678 -504 -605 153 -631 -615 892 -200 96 -46 -622 233 349 -662 -811 469 -865 -899 284 -765 -204 -321 -53 -180 -954 408 745 149 961 -927 527 -526 814 -921 839 243 -692 -118 432 43 735 980 -624 -125 827 187 -523 -694 -325 960 82 776 433 -763 202 -901 -803 -107 732 732 -593 251 -39 -650 -624 -611 -867 121 -775 910 -504 333 929 -664 996 -681 15 -634 -205 351 224 289 -177 194 -22 904 -140 -960 76 935 -425 231 -361 755 968 -376 -477 -104 45 708 795 94 -343 566 -733 347 -825 527 -271 -750 -474 -576 -300 -248 495 -811 -585 87 -370 282 748 -108 -260 63 -460 -448 -461 -756 -571 -747 -278 -420 -594 -941 -1000 188 -338 -230 895 630 878 -254 56 754 -559 -168 -522 -44 -599 -587 -121 -623 967 643 -671 33 -940 861 201 -55 705 741 -825 350 -967 207 -522 -278 -317 143 270 837 -996 -813 366 750 529 -44 537 -251 685 -355 945 93 175 666 -554 -878 393 695 305 -214 -449 187 336 -720 -638 346 697 -110 12 211 969 942 318 -279 677 171 324 -873 -642 61 605 871 308 794 -517 -348 -551 -756 -79 -83 -940 -450 293 61 825 910 683 -842 -865 867 371 -482 -32 -844 303 -481 -517 -346 -137 -754 -472 943 -680 316 806 805 936 -141 -552 -512 395 -819 734 601 -821 791 796 -854 -473 -864 470 976 -702 715 -747 -95 -971 512 -318 427 -949 -819 -991 -550 -177 -845 -630 262 -645 -799 -898 -284 -564 63 937 833 727 633 929 -786 -492 117 -875 -34 219 293 -636 -988 744 -44 181 890 -821 -656 -282 -931 903 666 214 -789 -524 -354 604 317 68 915 894 699 -273 724 -375 630 987 -620 305 -593 -938 -426 -399 125 582 -546 826 943 282 -881 972 682 -932 -980 -28 259 -208 485 -948 204 65 738 -814 706 264 -813 -97 990 177 654 -199 -759 -185 -425 -3 -163 82 804 -588 -77 908 -81 -330 -263 128 415 250 276 -919 868 -63 -742 -525 -396 -636 122 -511 858 -93 -199 760 488 514 -562 727 669 252 -740 -907 937 -539 546 -86 -577 -217 178 996 -639 649 510 258 -493 210 671 -845 748 -435 507 -773 387 -781 921 773 251 -147 -168 -287 -432 -4 876 856 329 515 -756 288 -133 944 565 213 161 -235 -304 227 -857 839 506 -207 -340 226 277 -158 -381 -580 -795 -975 404 726 481 413 -341 137 187 446 697 -49 -945 -873 -84 206 -9 285 128 -25 979 -534 604 204 -408 -184 823 396 351 -422 371 563 -212 -49 697 475 309 738 440 -331 516 545 -848 -662 519 -567 -901 341 338 700 -605 208 446 856 -28 -821 199 828 -389 516 -724 261 763 -742 412 -497 -347 -786 761 401 717 -432 548 375 -435 228 274 -347 647 -130 -136 -19 -207 272 -670 -306 211 -28 906 595 440 -192 -479 12 -708 -513 -732 -660 -998 935 -695 210 -321 470 539 300 -151 -788 409 -141 132 94 896 -534 124 -44 965 628 -613 -78 856 -121 502 -341 -852 -6 -591 -802 -73 817 873 909 -531 190 633 -333 -175 682 1000 836 -457 -803 -876 448 -725 -997 -360 -10 -890 -10 135 -81 948 -418 -892 861 -110 387 -554 823 910 -273 802 -89 655 405 -255 -546 -113 196 951 175 -591 -895 -653 92 745 -761 -361 61 -665 70 862 -529 -900 -946 963 464 -887 490 -343 641 -482 -40 -605 -486 -99 -623 828 -164 -268 -596 -900 186 298 554 835 520 971 211 934 -565 879 729 -116 451 535 195 -391 -804 267 -277 568 273 -197 21 797 666 -133 -932 -559 79 -236 -559 -790 -174 791 980 -755 -46 -72 782 -709 -753 808 -719 -89 -542 -595 187 436 -822 -856 -937 695 -143 9 857 -616 -764 -612 -499 -41 514 626 355 -590 -393 318 -918
64 115
237 862
349 946
608 935
519 896
10 407
64 445
560 597
43 553
370 732
607 678
84 389
116 375
167 310
259 867
234 464
25 847
237 652
276 394
384 548
784 868
332 335
403 544
486 722
148 384
4 115
295 464
330 732
331 667
10 80
253 661
172 359
216 618
106 614
305 791
297 892
259 334
220 805
43 847
366 392
234 373
31 92
313 543
284 935
470 643
46 631
383 416
690 760
681 774
264 810
362 727
205 543
168 373
513 749
821 928
548 869
395 574
143 722
392 478
594 964
238 931
15 175
683 812
143 153
361 511
447 834
622 880
712 786
72 459
40 321
769 797
275 857
208 409
348 984
438 575
48 728
640 731
660 681
192 869
477 824
538 691
561 930
266 862
538 665
598 961
279 532
488 691
218 747
155 969
96 645
95 405
361 767
83 253
149 731
902 912
154 528
131 921
315 641
340 378
397 608
113 641
163 440
353 493
354 533
287 913
150 153
392 442
208 991
289 339
57 388
16 202
2 683
258 530
404 422
427 912
674 675
0 763
278 622
439 665
405 787
216 387
152 719
460 612
163 286
483 741
114 505
7 264
21 401
234 846
557 677
711 882
231 812
485 898
866 927
774 927
35 823
608 838
587 977
466 784
28 628
4 360
295 957
511 748
51 689
579 964
25 534
322 657
192 458
254 946
300 560
123 702
131 733
119 483
137 892
162 876
117 860
219 589
186 203
80 353
673 730
76 942
351 892
240 473
755 984
110 505
86 712
288 675
444 751
64 306
472 724
140 177
342 778
602 997
363 696
819 966
585 740
269 818
272 899
793 906
273 392
139 559
10 584
392 648
238 935
369 665
540 963
461 760
168 948
147 778
286 472
342 562
7 604
215 364
60 127
328 654
80 775
166 986
364 700
302 408
135 377
296 896
853 994
585 630
12 519
186 867
683 834
267 566
819 867
375 952
314 861
939 954
542 637
722 974
562 950
412 733
77 588
368 489
669 979
263 559
823 901
354 590
280 372
369 621
171 901
219 625
409 464
574 857
610 850
568 839
135 414
96 333
27 382
96 416
73 964
343 386
152 660
249 593
812 994
248 620
266 890
444 815
398 668
193 397
134 580
25 184
172 981
538 601
449 624
140 446
418 702
337 343
165 192
135 402
378 885
142 438
198 990
390 543
616 643
569 883
311 678
501 615
13 429
525 998
16 41
123 312
374 454
369 590
362 466
272 540
312 916
501 935
217 238
61 731
405 760
239 895
596 868
158 435
363 713
12 411
650 978
170 956
629 956
271 324
95 643
92 376
675 941
427 612
70 84
407 516
437 945
34 810
278 709
46 155
165 247
65 85
557 951
511 768
106 798
465 749
167 610
410 855
693 917
34 875
309 430
330 746
413 865
109 997
602 664
76 459
167 443
73 639
342 662
429 932
85 98
416 593
265 489
587 979
67 161
51 217
132 484
480 791
237 686
305 442
104 908
267 503
392 627
53 435
583 879
33 346
321 412
564 798
209 253
818 832
622 788
136 351
89 329
64 909
533 830
100 931
161 365
36 128
344 510
470 535
825 955
259 430
124 723
205 533
815 998
288 715
27 696
738 783
479 926
617 993
315 508
494 562
409 534
1 377
569 852
357 874
480 837
209 217
427 668
37 423
346 669
548 869
654 751
242 476
215 804
288 495
310 547
501 718
508 677
196 640
290 709
576 649
854 931
321 974
62 225
641 943
631 816
839 970
44 132
140 291
250 915
160 416
406 655
388 680
147 815
138 846
787 795
379 728
199 745
468 801
163 995
519 964
302 970
435 727
20 768
474 747
135 281
330 524
635 727
173 599
121 265
313 517
338 759
187 566
86 221
60 621
772 850
89 691
879 961
47 207
6 681
156 516
455 642
543 958
3 715
383 635
524 878
102 519
38 137
349 636
215 955
680 822
315 574
85 978
332 420
313 564
327 545
602 715
481 966
352 933
463 506
49 588
906 947
76 734
233 454
15 905
74 798
62 941
437 767
562 709
429 739
18 591
571 746
302 447
34 583
194 433
226 312
64 696
162 621
233 389
280 652
408 457
461 543
28 112
797 808
481 895
165 700
194 234
21 968
698 914
297 480
118 823
96 717
107 735
495 900
147 770
38 620
35 807
344 570
459 774
412 823
709 808
536 868
180 697
690 795
440 556
73 469
656 984
279 565
441 887
137 381
402 851
278 528
405 652
517 867
183 962
164 620
387 604
105 768
387 670
843 854
636 914
664 826
675 785
451 858
100 728
420 631
213 497
614 975
699 880
263 804
19 938
936 970
279 882
446 960
28 565
415 847
291 801
376 733
449 839
655 898
19 722
577 837
161 301
78 730
18 711
254 391
64 634
50 978
111 338
325 427
232 354
297 981
727 944
164 881
477 760
149 820
421 993
77 705
585 692
92 515
305 778
409 651
211 568
308 559
463 747
319 380
211 709
686 753
127 279
702 772
433 911
109 602
218 698
100 925
67 741
53 364
140 451
703 986
55 272
190 255
25 635
172 580
304 440
549 990
163 464
24 451
453 472
518 705
240 677
130 720
222 373
128 812
852 981
343 563
136 818
552 942
95 491
848 941
111 232
481 755
91 867
9 475
302 740
143 334
247 370
470 473
385 495
252 473
134 559
365 775
293 969
604 652
566 846
278 950
246 534
271 587
271 496
243 342
421 931
100 575
437 667
773 808
154 966
340 687
354 743
129 840
245 608
795 884
195 543
533 944
258 748
864 928
316 338
595 922
787 915
786 793
675 675
542 663
343 920
18 214
10 187
411 800
334 738
80 641
460 658
577 744
325 825
490 856
872 920
199 314
266 515
519 668
102 761
174 555
29 782
231 350
113 329
341 772
79 565
154 929
699 765
37 746
274 856
175 734
413 463
161 522
569 978
10 156
251 269
2 363
69 975
405 735
123 429
650 879
404 723
448 943
636 723
229 760
155 241
241 922
743 824
110 440
409 829
852 906
406 521
212 373
733 905
538 759
322 973
387 908
830 994
267 383
390 859
141 534
730 967
442 617
204 802
0 999
642 844
847 884
640 939
678 905
357 599
410 608
535 861
661 883
327 956
234 741
132 742
370 934
374 990
422 703
344 720
681 693
427 813
528 617
21 786
290 706
776 987
499 638
752 794
900 963
737 985
228 392
733 740
71 817
225 322
758 915
257 510
12 402
682 838
166 585
133 154
46 374
144 773
433 957
304 835
505 934
251 685
522 859
857 910
580 884
408 467
154 156
197 829
532 860
106 221
32 596
604 800
530 704
843 891
377 987
479 838
515 717
72 151
595 666
686 888
256 827
654 674
397 407
315 794
107 618
313 666
102 228
517 948
625 914
79 717
247 828
544 680
81 787
337 628
133 492
377 407
420 800
586 846
659 968
819 862
190 759
343 545
183 282
252 834
118 610
410 537
965 988
357 944
197 315
348 762
355 955
200 742
812 878
560 885
316 921
484 689
1 421
349 874
487 717
273 375
149 591
618 716
689 928
7 270
151 977
732 882