491082
815716
787737
445209
254109
101272
660880
12276
150610
907759
710341
452032
607073
980730
939347
978080
766327
189318
996615
361680
843996
358121
235486
203884
336523
478269
401349
457064
611807
235087
709860
966803
496335
144683
618134
207270
921463
602619
117118
835700
974483
717744
888582
324137
69279
608399
237860
924147
790537
806709
402666
581602
706009
988960
23350
482046
463874
96544
333993
400461
319925
52611
58897
195956
227572
478344
600155
457384
544490
661210
337898
671089
555560
224149
122780
706744
944628
648344
464940
468581
234118
668594
215068
303124
819317
966885
125244
82315
640652
459906
434313
480614
237863
393093
618501
638802
587925
403043
196522
477716
701988
940275
407717
210688
953678
409602
947069
893265
395539
524549
75223
341268
192015
932718
542943
294260
525874
558872
351386
980165
263244
518772
347613
820309
446004
608306
945858
134128
546905
173099
161508
187369
718348
173845
888582
123896
566715
551271
506031
603115
951101
649833
934699
771207
620046
557648
288974
442393
206263
340908
562271
86295
289679
408295
33563
401797
118961
856539
766813
151144
601576
233708
395990
966204
890038
587091
522667
413769
30016
31633
285330
376966
331845
215278
59676
851460
674681
14544
211703
673997
642007
236366
687529
262014
797933
189318
706254
408657
230449
202375
231171
5374
772559
545599
26055
939717
233631
816119
412687
533110
81600
119387
653512
955108
981233
978735
980975
271738
484294
937526
843046
2996
38664
339736
428493
133978
915758
934195
966631
783867
581602
217052
803281
464363
635934
754696
513304
49072
21163
756939
166902
469832
22351
5263
334236
733270
634198
292501
418550
368200
445209
280215
554403
284646
529421
574454
954178
167846
761272
455177
784691
22463
544490
811794
568785
407423
39557
385035
519296
715688
849172
427339
542081
454548
810295
72561
724554
763125
331056
766327
858651
477646
681707
549807
267600
277936
850614
216678
15789
452516
767276
776592
763247
619744
63272
948312
251757
961981
675418
294619
278408
965823
540132
665495
287415
368372
869135
218432
872627
416387
631642
87085
304472
279540
454922
520186
470870
777918
915367
189175
607208
309238
49155
272162
276073
497805
237270
503116
449486
758077
98346
525102
600155
780406
226252
382105
903448
304291
593543
443800
91445
873779
955415
820312
664884
523939
162722
952501
389775
782844
877546
337278
515035
332604
425127
635255
366905
168526
386306
488113
579216
281569
69799
509640
102473
227506
508683
835888
190972
691528
339866
997319
390048
624890
481215
956268
845820
105805
260999
80919
386996
299682
837814
309619
764624
193555
308777
715341
171136
119127
436815
652890
60564
595338
136983
634095
621066
736655
837695
217741
235845
566715
286760
820246
704317
699676
347613
341887
770851
824753
740394
447796
340203
798660
565051
560496
862604
766840
580181
162981
113601
688561
466511
554839
24250
411775
244133
379154
251666
486854
37253
91944
377023
602887
458161
386553
380178
707041
350750
762587
938810
624890
32523
43097
31633
824927
967555
719060
787526
771207
579216
777265
922283
336119
455409
441463
128343
707601
423773
752159
887296
932759
634198
139138
466790
852211
954185
695021
94627
722285
996949
236948
265504
761205
439681
718265
915644
234245
834461
887141
252666
500055
267376
126593
156422
623430
536200
610312
12287
972270
551333
886301
74455
885232
219565
74245
109153
907974
191277
624147
110544
467636
835565
787526
363497
309458
379334
612468
930232
939327
901266
683219
505016
310056
309458
661535
922466
256224
131329
60683
569797
469287
57300
590645
585069
813078
444281
553479
951657
835888
959275
418656
737551
215561
89621
716888
866580
349424
820242
468004
938343
776042
91642
959339
434889
304673
524549
186572
502541
178186
256961
35677
312610
360599
498667
28644
289761
562482
250661
154984
2367
431159
691120
752159
254222
833343
896503
808151
682285
772559
482274
233171
645833
226508
313933
603954
139497
882021
864290
507650
607121
334501
398993
785125
490273
273379
57313
671506
303984
412351
234455
593397
178339
583341
302312
740017
121780
990439
470870
816532
17374
998211
134686
886301
258027
407423
311940
197687
764293
263378
98346
469246
576516
497102
19284
16500
962396
631762
965700
420644
243592
675859
651436
530002
567085
482549
788476
29846
900785
938810
347905
879407
434734
922560
820784
900785
326139
764437
385197
897079
43781
796363
196633
996212
303984
978099
497162
93298
262534
587822
50410
431861
37569
342342
41832
499067
843449
603288
192242
570160
466511
8476
229523
937509
374041
138152
569857
718053
158694
241070
338041
15259
676141
950741
552909
477646
186498
431123
458801
986020
241747
114023
422311
554779
403824
965334
420625
72479
673997
87534
457905
347914
823831
806515
677550
710507
945653
950810
955137
162397
186838
709661
134471
468945
587981
820246
38664
453345
931517
877874
890038
825661
113587
64550
184257
491032
173300
43589
265669
945887
686535
281131
754440
807509
945653
579495
728389
601671
699325
838624
483551
662610
590360
313574
28644
590360
554778
896288
242006
622303
182332
940331
198370
712166
977849
56461
325017
923378
433744
269566
781179
211845
127070
277583
650379
663231
656807
990439
182613
856219
350147
963364
599175
597791
494842
28243
863368
941668
679712
278649
375119
19211
653826
284177
898097
966885
916205
994882
975429
74403
877874
777849
849438
557648
76740
319541
122275
926840
441708
378628
379334
671827
580591
992879
384532
67635
509640
588984
255919
78310
543738
865722
48836
743501
808344
546905
602087
74403
591059
948212
391006
820354
650073
821340
505321
95014
312579
714982
759789
240528
75674
632878
138657
395349
215561
123954
527362
907982
24568
564727
448182
464474
551333
56461
525592
634256
361874
691250
586454
945906
996949
619862
212638
582919
690143
391228
338988
886346
655830
434029
948961
890038
199860
889531
356120
480067
550045
763125
778443
574923
568127
562987
197823
63174
613168
550755
940331
446004
286179
532822
823926
856450
903694
888006
348359
904588
12781
887675
57025
628918
543163
666823
346643
635109
893634
622864
874553
698122
997453
5274
456998
213997
45072
82315
566365
305291
290812
625311
310056
189562
621571
292418
803281
668283
1144
754889
892530
267562
727832
746141
518026
570160
941668
780356
419923
820312
223328
519974
967815
847814
159710
28243
481764
685038
714954
990366
988960
691894
343223
981233
962596
24832
279496
478269
828283
584807
429777
190987
911996
632337
970503
215561
356904
694728
959275
606725
892848
687529
173300
581601
866380
936552
292418
459906
504126
349929
202512
979676
5805
838923
729465
529421
407522
940331
72479
663231
424557
771440
492596
734021
415280
522601
817284
619267
176874
778545
70054
149876
177096
624890
138320
783826
918952
367298
466036
471290
674046
42706
832177
546584
173806
830922
406099
951101
216487
883109
702431
318719
169871
843863
52040
104848
236315
265504
628918
546584
692549
830922
190081
336440
993117
236072
625060
164772
192242
873405
106372
236315
946097
558507
700096
675979
289679
403474
609158
235486
746577
952066
579781
546920
471290
953678
425220
196024
43589
83952
680526
546256
966796
259129
173806
372550
19414
863368
232144
488556
926298
590360
662814
864299
252364
585177
903376
54947
705338
228918
726020
595349
570372
616627
244478
777918
658140
351456
39342
327130
704398
705866
298516
390271
356480
709860
656807
105595
772104
765204
504276
686456
723024
228696
363497
732553
789806
379158
435063
970856
790332
691994
836058
612124
203588
718170
507582
853969
66024
553826
173889
142948
508683
307594
456362
186498
552934
385456
491813
569384
980118
812534
432506
737880
354069
82307
854487
425220
391473
791563
966796
642030
717677
535367
656607
244084
672994
979244
591059
10468
947902
597291
211967
949261
391664
620484
992398
634256
904230
426656
751697
211198
196633
645876
852693
555370
569270
410561
717288
520806
400878
786132
203039
776129
806709
246498
964562
369124
322666
19105
646305
554426
104974
776042
798553
557860
406099
285184
598452
593543
913269
770734
292418
218092
797381
326139
323632
858323
815174
777918
78673
517915
797827
561571
841751
650476
138285
885558
909141
929292
568989
888005
93017
158553
649023
427704
113601
970028
194831
313928
937375
642078
275987
896063
546256
229571
55038
626889
443608
714926
568989
588702
696983
751631
955795
377023
767160
819260
567426
50410
467119
72815
980193
178657
494517
619744
538176
883051
657159
887774
785961
913508
405536
607084
104522
701330
785252
987147
448790
803724
916074
482046
391086
243848
142044
103139
848426
56489
271925
576558
905099
621988
607146
918897
433666
325824
828283
515380
789382
166902
702431
182613
918897
447796
324137
947788
273441
279496
482046
190972
691473
926605
109334
914689
634799
504276
580170
542943
272916
168740
223647
273351
648319
195437
390150
46446
651794
57567
630691
420037
964363
299954
30016
829634
743501
276406
681364
706267
786333
50793
675859
683219
65391
738816
839381
158553
326419
184952
873779
382424
412036
686456
458161
491032
806847
680711
91445
850614
795970
333030
735825
438711
875710
642078
738384
582483
466876
91916
980655
569384
109160
189536
899150
473286
54395
896288
139138
630345
250254
786723
791669
646305
228543
890798
708162
672386
235486
315809
821080
819260
558872
482379
588437
192434
475628
231753
223647
824089
642007
765761
27819
721968
737615
689947
480650
947784
408691
723126
598237
228040
991269
904495
947788
661210
256329
966975
169772
922967
578073
257724
842087
726077
652537
226508
888924
613517
856077
546905
711183
360503
63272
971374
869050
218432
839114
432506
779468
125244
526060
401831
125085
5274
935019
86295
285184
692243
451155
703298
992249
406605
488841
981867
927050
580505
947902
449818
579995
715666
952642
815076
941716
421947
871662
579359
267039
860516
471804
762359
336288
587255
790332
379334
14411
837784
91081
949846
520149
267600
90598
860751
243848
56110
689549
819317
567282
237750
395385
572805
636811
742656
19400
848565
149848
522790
555560
563725
578512
997102
382535
955837
800998
811420
506919
631674
832177
765078
35265
929292
941547
990366
946142
848883
536856
488708
926425
807469
902334
309752
15374
971209
734231
222171
340394
839381
237750
857881
441073
806709
894237
77322
495487
406364
467224
109074
737022
54395
934742
72555
490302
149848
998274
377665
556367
433666
15810
666161
975429
609644
1829
667464
485084
187310
891704
264252
103556
119481
841751
634799
510960
681364
526060
433781
408691
558872
462792
187884
863717
911660
934702
294046
559770
768815
496655
952304
804675
478468
368200
262249
897079
675979
961500
915129
576684
373534
611554
846381
661910
619744
242064
949147
403541
201201
962396
378167
103556
327494
675134
915129
859397
959913
697147
27665
114378
611598
401349
896063
489434
708162
257724
918952
926605
888810
674681
817767
858089
943189
50786
942172
847224
987076
956268
140610
568664
881229
722438
290812
842087
786871
593028
964346
849608
549189
771085
808039
880809
620484
90491
675056
139262
48042
608399
402734
742459
401874
823205
228178
962396
583634
842910
374520
607084
422434
383592
467942
285428
268885
947482
652355
483367
348083
646080
282292
990279
786723
80058
738669
929964
279496
419730
758571
540106
263378
405585
90561
779468
790324
433781
989498
66264
475886
278526
81101
475886
934590
498057
618501
177968
698122
642706
573505
336288
932696
793581
3038
553479
423337
830379
269490
851504
815174
161415
613517
486323
369686
955212
175221
707395
602806
981974
905197
924315
996949
986122
847659
779266
550755
496070
497222
677139
632878
346643
942464
653499
830231
983732
703298
402497
483367
619862
804166
976670
354249
153599
745920
751697
790332
471704
334066
672989
419937
283734
533861
954088
227623
758238
512040
729122
114378
419937
778545
461317
263751
82037
271925
740449
697147
778545
755883
594400
597291
590084
371493
36523
518203
925633
709106
518203
167225
965700
335925
803281
887141
535737
953870
923532
597291
38138
596251
956494
834098
665269
691250
987147
815499
739310
379938
416231
54033
327798
956466
440942
983840
508153
950203
940450
8556
571732
590855
680068
447800
182708
518026
921670
891873
525252
531122
729122
306753
598323
848486
56673
760071
193873
633403
687457
91916
850875
932730
130387
571137
322404
182153
395385
970797